9 0.0625 0.0625 0.125 0.125
10 0.1875 0.0625 0.125 0.125
8 0.3125 0.0625 0.125 0.125
11 0.5625 0.0625 0.125 0.125
8 0.6875 0.0625 0.125 0.125
9 0.9375 0.0625 0.125 0.125
6 0.1875 0.1875 0.125 0.125
6 0.4375 0.1875 0.125 0.125
6 0.5625 0.1875 0.125 0.125
6 0.6875 0.1875 0.125 0.125
6 0.8125 0.1875 0.125 0.125
6 0.9375 0.1875 0.125 0.125
6 0.0625 0.3125 0.125 0.125
7 0.9375 0.3125 0.125 0.125
6 0.3125 0.4375 0.125 0.125
0 0.5625 0.4375 0.125 0.125
0 0.1875 0.5625 0.125 0.125
2 0.3125 0.5625 0.125 0.125
7 0.4375 0.5625 0.125 0.125
2 0.0625 0.6875 0.125 0.125
1 0.3125 0.6875 0.125 0.125
0 0.0625 0.8125 0.125 0.125
0 0.3125 0.8125 0.125 0.125
0 0.4375 0.8125 0.125 0.125
0 0.6875 0.8125 0.125 0.125
0 0.8125 0.8125 0.125 0.125
0 0.9375 0.8125 0.125 0.125
3 0.1875 0.9375 0.125 0.125
4 0.3125 0.9375 0.125 0.125
5 0.5625 0.9375 0.125 0.125
1 0.8125 0.9375 0.125 0.125
3 0.9375 0.9375 0.125 0.125